# oST version 5.0 parameters


[image]

width
1920

height
1080

[narrow_stereo]

camera matrix
1451.579328 0.000000 851.073315
0.000000 1451.613132 565.349176
0.000000 0.000000 1.000000

distortion
-0.338727 0.087364 -0.000267 0.000239 0.000000

rectification
1.000000 0.000000 0.000000
0.000000 1.000000 0.000000
0.000000 0.000000 1.000000

projection
1164.995117 0.000000 792.981142 0.000000
0.000000 1374.324707 567.474278 0.000000
0.000000 0.000000 1.000000 0.000000

