image_width: 1280
image_height: 720
camera_name: narrow_stereo
camera_matrix:
  rows: 3
  cols: 3
  data: [694.715534, 0.000000, 684.749416, 0.000000, 693.794923, 374.662028, 0.000000, 0.000000, 1.000000]
distortion_model: plumb_bob
distortion_coefficients:
  rows: 1
  cols: 5
  data: [0.009350, -0.006171, 0.000384, 0.000290, 0.000000]
rectification_matrix:
  rows: 3
  cols: 3
  data: [1.000000, 0.000000, 0.000000, 0.000000, 1.000000, 0.000000, 0.000000, 0.000000, 1.000000]
projection_matrix:
  rows: 3
  cols: 4
  data: [697.098999, 0.000000, 685.409601, 0.000000, 0.000000, 696.491760, 375.005150, 0.000000, 0.000000, 0.000000, 1.000000, 0.000000]
