# oST version 5.0 parameters


[image]

width
1920

height
1080

[narrow_stereo]

camera matrix
1461.359169 0.000000 936.439059
0.000000 1462.309010 524.121070
0.000000 0.000000 1.000000

distortion
-0.241274 0.120042 -0.003518 0.001870 0.000000

rectification
1.000000 0.000000 0.000000
0.000000 1.000000 0.000000
0.000000 0.000000 1.000000

projection
1324.626465 0.000000 937.778933 0.000000
0.000000 1414.025024 520.671538 0.000000
0.000000 0.000000 1.000000 0.000000

