image_width: 1920
image_height: 1080
camera_name: narrow_stereo
camera_matrix:
  rows: 3
  cols: 3
  data: [1461.359169, 0.000000, 936.439059, 0.000000, 1462.309010, 524.121070, 0.000000, 0.000000, 1.000000]
distortion_model: plumb_bob
distortion_coefficients:
  rows: 1
  cols: 5
  data: [-0.241274, 0.120042, -0.003518, 0.001870, 0.000000]
rectification_matrix:
  rows: 3
  cols: 3
  data: [1.000000, 0.000000, 0.000000, 0.000000, 1.000000, 0.000000, 0.000000, 0.000000, 1.000000]
projection_matrix:
  rows: 3
  cols: 4
  data: [1324.626465, 0.000000, 937.778933, 0.000000, 0.000000, 1414.025024, 520.671538, 0.000000, 0.000000, 0.000000, 1.000000, 0.000000]
