# oST version 5.0 parameters


[image]

width
1920

height
1080

[narrow_stereo]

camera matrix
1096.568775 0.000000 930.990781
0.000000 1096.455492 543.696879
0.000000 0.000000 1.000000

distortion
-0.308385 0.078033 0.000045 -0.000263 0.000000

rectification
1.000000 0.000000 0.000000
0.000000 1.000000 0.000000
0.000000 0.000000 1.000000

projection
783.200073 0.000000 915.568004 0.000000
0.000000 1005.839478 544.481352 0.000000
0.000000 0.000000 1.000000 0.000000

