image_width: 640
image_height: 480
camera_name: narrow_stereo
camera_matrix:
  rows: 3
  cols: 3
  data: [732.697047, 0.000000, 295.572792, 0.000000, 732.729954, 243.394890, 0.000000, 0.000000, 1.000000]
distortion_model: plumb_bob
distortion_coefficients:
  rows: 1
  cols: 5
  data: [0.015967, -0.208837, 0.001651, 0.000797, 0.000000]
rectification_matrix:
  rows: 3
  cols: 3
  data: [1.000000, 0.000000, 0.000000, 0.000000, 1.000000, 0.000000, 0.000000, 0.000000, 1.000000]
projection_matrix:
  rows: 3
  cols: 4
  data: [729.078552, 0.000000, 295.290243, 0.000000, 0.000000, 732.194519, 243.810042, 0.000000, 0.000000, 0.000000, 1.000000, 0.000000]
