# oST version 5.0 parameters


[image]

width
640

height
480

[narrow_stereo]

camera matrix
732.697047 0.000000 295.572792
0.000000 732.729954 243.394890
0.000000 0.000000 1.000000

distortion
0.015967 -0.208837 0.001651 0.000797 0.000000

rectification
1.000000 0.000000 0.000000
0.000000 1.000000 0.000000
0.000000 0.000000 1.000000

projection
729.078552 0.000000 295.290243 0.000000
0.000000 732.194519 243.810042 0.000000
0.000000 0.000000 1.000000 0.000000

