image_width: 640
image_height: 480
camera_name: narrow_stereo
camera_matrix:
  rows: 3
  cols: 3
  data: [726.483793, 0.000000, 285.419078, 0.000000, 725.997257, 247.931462, 0.000000, 0.000000, 1.000000]
distortion_model: plumb_bob
distortion_coefficients:
  rows: 1
  cols: 5
  data: [0.048939, -0.247429, 0.002501, -0.007436, 0.000000]
rectification_matrix:
  rows: 3
  cols: 3
  data: [1.000000, 0.000000, 0.000000, 0.000000, 1.000000, 0.000000, 0.000000, 0.000000, 1.000000]
projection_matrix:
  rows: 3
  cols: 4
  data: [724.275940, 0.000000, 281.486326, 0.000000, 0.000000, 729.416809, 248.687996, 0.000000, 0.000000, 0.000000, 1.000000, 0.000000]
