# oST version 5.0 parameters


[image]

width
640

height
480

[narrow_stereo]

camera matrix
726.483793 0.000000 285.419078
0.000000 725.997257 247.931462
0.000000 0.000000 1.000000

distortion
0.048939 -0.247429 0.002501 -0.007436 0.000000

rectification
1.000000 0.000000 0.000000
0.000000 1.000000 0.000000
0.000000 0.000000 1.000000

projection
724.275940 0.000000 281.486326 0.000000
0.000000 729.416809 248.687996 0.000000
0.000000 0.000000 1.000000 0.000000

