# oST version 5.0 parameters


[image]

width
640

height
480

[narrow_stereo]

camera matrix
733.441964 0.000000 300.073557
0.000000 732.260879 240.564268
0.000000 0.000000 1.000000

distortion
0.023937 -0.241346 0.002875 0.000874 0.000000

rectification
1.000000 0.000000 0.000000
0.000000 1.000000 0.000000
0.000000 0.000000 1.000000

projection
730.191040 0.000000 299.895483 0.000000
0.000000 732.100952 241.252064 0.000000
0.000000 0.000000 1.000000 0.000000

